
 3110.735107,    
 3111.235107,    
 3111.236084,    
 3111.237305,    
 3111.238281,    
 3111.239258,    
 3111.240234,    
 3111.241211,    
 3111.242188,    
 3111.243164,    
 3111.244141,    
 3111.245117,    
 3111.246094,    
 3111.247070,    
 3111.248047,    
 3111.249023,    
 3111.250244,    
 3111.251221,    
 3111.252197,    
 3111.253174,    
 3111.254150,    
 3111.255127,    
 3111.256104,    
 3111.257080,    
 3111.258057,    
 3111.259033,    
 3111.260254,    
 3111.261230,    
 3111.262207,    
 3111.263184,    
 3111.264160,    
 3111.265137,    
 3111.266113,    
 3111.267090,    
 3111.268066,    
 3111.269043,    
 3111.270020,    
 3111.271240,    
 3111.272217,    
 3111.273193,    
 3111.274170,    
 3111.275146,    
 3111.276123,    
 3111.277100,    
 3111.278076,    
 3111.279053,    
 3111.280029,    
 3111.281250,    
 3111.282227,    
 3111.283203,    
 3111.284180,    
 3111.285156,    
 3111.286133,    
 3111.287109,    
 3111.288086,    
 3111.289062,    
 3111.290039,    
 3111.291260,    
 3111.292236,    
 3111.293213,    
 3111.294189,    
 3111.295166,    
 3111.296143,    
 3111.297119,    
 3111.298096,    
 3111.299072,    
 3111.300049,    
 3111.301025,    
 3111.302246,    
 3111.303223,    
 3111.304199,    
 3111.305176,    
 3111.306152,    
 3111.307129,    
 3111.308105,    
 3111.309082,    
 3111.310059,    
 3111.311035,    
 3111.312012,    
 3111.313232,    
 3111.314209,    
 3111.315186,    
 3111.316162,    
 3111.317139,    
 3111.318115,    
 3111.319092,    
 3111.320068,    
 3111.321045,    
 3111.322021,    
 3111.323242,    
 3111.324219,    
 3111.325195,    
 3111.326172,    
 3111.327148,    
 3111.328125,    
 3111.329102,    
 3111.330078,    
 3111.331055,    
 3111.332031,    
 3111.333252,    
 3111.334229,    
 3111.335205,    
 3111.336182,    
 3111.337158,    
 3111.338135,    
 3111.339111,    
 3111.340088,    
 3111.341064,    
 3111.342041,    
 3111.343018,    
 3111.344238,    
 3111.345215,    
 3111.346191,    
 3111.347168,    
 3111.348145,    
 3111.349121,    
 3111.350098,    
 3111.351074,    
 3111.352051,    
 3111.353027,    
 3111.354248,    
 3111.355225,    
 3111.356201,    
 3111.357178,    
 3111.358154,    
 3111.359131,    
 3111.360107,    
 3111.361084,    
 3111.362061,    
 3111.363037,    
 3111.364258,    
 3111.365234,    
 3111.366211,    
 3111.367188,    
 3111.368164,    
 3111.369141,    
 3111.370117,    
 3111.371094,    
 3111.372070,    
 3111.373047,    
 3111.374023,    
 3111.375244,    
 3111.376221,    
 3111.377197,    
 3111.378174,    
 3111.379150,    
 3111.380127,    
 3111.381104,    
 3111.382080,    
 3111.383057,    
 3111.384033,    
 3111.385254,    
 3111.386230,    
 3111.387207,    
 3111.388184,    
 3111.389160,    
 3111.390137,    
 3111.391113,    
 3111.392090,    
 3111.393066,    
 3111.394043,    
 3111.395020,    
 3111.396240,    
 3111.397217,    
 3111.398193,    
 3111.399170,    
 3111.400146,    
 3111.401123,    
 3111.402100,    
 3111.403076,    
 3111.404053,    
 3111.405029,    
 3111.406250,    
 3111.407227,    
 3111.408203,    
 3111.409180,    
 3111.410156,    
 3111.411133,    
 3111.412109,    
 3111.413086,    
 3111.414062,    
 3111.415039,    
 3111.416016,    
 3111.417236,    
 3111.418213,    
 3111.419189,    
 3111.420166,    
 3111.421143,    
 3111.422119,    
 3111.423096,    
 3111.424072,    
 3111.425049,    
 3111.426025,    
 3111.427246,    
 3111.428223,    
 3111.429199,    
 3111.430176,    
 3111.431152,    
 3111.432129,    
 3111.433105,    
 3111.434082,    
 3111.435059,    
 3111.436035,    
 3111.437256,    
 3111.438232,    
 3111.439209,    
 3111.440186,    
 3111.441162,    
 3111.442139,    
 3111.443115,    
 3111.444092,    
 3111.445068,    
 3111.446045,    
 3111.447021,    
 3111.448242,    
 3111.449219,    
 3111.450195,    
 3111.451172,    
 3111.452148,    
 3111.453125,    
 3111.454102,    
 3111.455078,    
 3111.456055,    
 3111.457031,    
 3111.458252,    
 3111.459229,    
 3111.460205,    
 3111.461182,    
 3111.462158,    
 3111.463135,    
 3111.464111,    
 3111.465088,    
 3111.466064,    
 3111.467041,    
 3111.468018,    
 3111.469238,    
 3111.470215,    
 3111.471191,    
 3111.472168,    
 3111.473145,    
 3111.474121,    
 3111.475098,    
 3111.476074,    
 3111.477051,    
 3111.478027,    
 3111.479248,    
 3111.480225,    
 3111.481201,    
 3111.482178,    
 3111.483154,    
 3111.484131,    
 3111.485107,    
 3111.486084,    
 3111.487061,    
 3111.488037,    
 3111.489014,    
 3111.490234,    
 3111.491211,    
 3111.492188,    
 3111.493164,    
 3111.494141,    
 3111.495117,    
 3111.496094,    
 3111.497070,    
 3111.498047,    
 3111.499023,    
 3111.500244,    
 3111.501221,    
 3111.502197,    
 3111.503174,    
 3111.504150,    
 3111.505127,    
 3111.506104,    
 3111.507080,    
 3111.508057,    
 3111.509033,    
 3111.510010,    
 3111.511230,    
 3111.512207,    
 3111.513184,    
 3111.514160,    
 3111.515137,    
 3111.516113,    
 3111.517090,    
 3111.518066,    
 3111.519043,    
 3111.520020,    
 3111.521240,    
 3111.522217,    
 3111.523193,    
 3111.524170,    
 3111.525146,    
 3111.526123,    
 3111.527100,    
 3111.528076,    
 3111.529053,    
 3111.530029,    
 3111.531250,    
 3111.532227,    
 3111.533203,    
 3111.534180,    
 3111.535156,    
 3111.536133,    
 3111.537109,    
 3111.538086,    
 3111.539062,    
 3111.540039,    
 3111.541016,    
 3111.542236,    
 3111.543213,    
 3111.544189,    
 3111.545166,    
 3111.546143,    
 3111.547119,    
 3111.548096,    
 3111.549072,    
 3111.550049,    
 3111.551025,    
 3111.552246,    
 3111.553223,    
 3111.554199,    
 3111.555176,    
 3111.556152,    
 3111.557129,    
 3111.558105,    
 3111.559082,    
 3111.560059,    
 3111.561035,    
 3111.562256,    
 3111.563232,    
 3111.564209,    
 3111.565186,    
 3111.566162,    
 3111.567139,    
 3111.568115,    
 3111.569092,    
 3111.570068,    
 3111.571045,    
 3111.572021,    
 3111.573242,    
 3111.574219,    
 3111.575195,    
 3111.576172,    
 3111.577148,    
 3111.578125,    
 3111.579102,    
 3111.580078,    
 3111.581055,    
 3111.582031,    
 3111.583252,    
 3111.584229,    
 3111.585205,    
 3111.586182,    
 3111.587158,    
 3111.588135,    
 3111.589111,    
 3111.590088,    
 3111.591064,    
 3111.592041,    
 3111.593018,    
 3111.594238,    
 3111.595215,    
 3111.596191,    
 3111.597168,    
 3111.598145,    
 3111.599121,    
 3111.600098,    
 3111.601074,    
 3111.602051,    
 3111.603027,    
 3111.604248,    
 3111.605225,    
 3111.606201,    
 3111.607178,    
 3111.608154,    
 3111.609131,    
 3111.610107,    
 3111.611084,    
 3111.612061,    
 3111.613037,    
 3111.614258,    
 3111.615234,    
 3111.616211,    
 3111.617188,    
 3111.618164,    
 3111.619141,    
 3111.620117,    
 3111.621094,    
 3111.622070,    
 3111.623047,    
 3111.624023,    
 3111.625244,    
 3111.626221,    
 3111.627197,    
 3111.628174,    
 3111.629150,    
 3111.630127,    
 3111.631104,    
 3111.632080,    
 3111.633057,    
 3111.634033,    
 3111.635254,    
 3111.636230,    
 3111.637207,    
 3111.638184,    
 3111.639160,    
 3111.640137,    
 3111.641113,    
 3111.642090,    
 3111.643066,    
 3111.644043,    
 3111.645020,    
 3111.646240,    
 3111.647217,    
 3111.648193,    
 3111.649170,    
 3111.650146,    
 3111.651123,    
 3111.652100,    
 3111.653076,    
 3111.654053,    
 3111.655029,    
 3111.656250,    
 3111.657227,    
 3111.658203,    
 3111.659180,    
 3111.660156,    
 3111.661133,    
 3111.662109,    
 3111.663086,    
 3111.664062,    
 3111.665039,    
 3111.666016,    
 3111.667236,    
 3111.668213,    
 3111.669189,    
 3111.670166,    
 3111.671143,    
 3111.672119,    
 3111.673096,    
 3111.674072,    
 3111.675049,    
 3111.676025,    
 3111.677246,    
 3111.678223,    
 3111.679199,    
 3111.680176,    
 3111.681152,    
 3111.682129,    
 3111.683105,    
 3111.684082,    
 3111.685059,    
 3111.686035,    
 3111.687256,    
 3111.688232,    
 3111.689209,    
 3111.690186,    
 3111.691162,    
 3111.692139,    
 3111.693115,    
 3111.694092,    
 3111.695068,    
 3111.696045,    
 3111.697021,    
 3111.698242,    
 3111.699219,    
 3111.700195,    
 3111.701172,    
 3111.702148,    
 3111.703125,    
 3111.704102,    
 3111.705078,    
 3111.706055,    
 3111.707031,    
 3111.708252,    
 3111.709229,    
 3111.710205,    
 3111.711182,    
 3111.712158,    
 3111.713135,    
 3111.714111,    
 3111.715088,    
 3111.716064,    
 3111.717041,    
 3111.718018,    
 3111.719238,    
 3111.720215,    
 3111.721191,    
 3111.722168,    
 3111.723145,    
 3111.724121,    
 3111.725098,    
 3111.726074,    
 3111.727051,    
 3111.728027,    
 3111.729248,    
 3111.730225,    
 3111.731201,    
 3111.732178,    
 3111.733154,    
 3111.734131,    
 3111.735107,    
 3111.736084,    
 3111.737061,    
 3111.738037,    
 3111.739014,    
 3111.740234,    
 3111.741211,    
 3111.742188,    
 3111.743164,    
 3111.744141,    
 3111.745117,    
 3111.746094,    
 3111.747070,    
 3111.748047,    
 3111.749023,    
 3111.750244,    
 3111.751221,    
 3111.752197,    
 3111.753174,    
 3111.754150,    
 3111.755127,    
 3111.756104,    
 3111.757080,    
 3111.758057,    
 3111.759033,    
 3111.760010,    
 3111.761230,    
 3111.762207,    
 3111.763184,    
 3111.764160,    
 3111.765137,    
 3111.766113,    
 3111.767090,    
 3111.768066,    
 3111.769043,    
 3111.770020,    
 3111.771240,    
 3111.772217,    
 3111.773193,    
 3111.774170,    
 3111.775146,    
 3111.776123,    
 3111.777100,    
 3111.778076,    
 3111.779053,    
 3111.780029,    
 3111.781250,    
 3111.782227,    
 3111.783203,    
 3111.784180,    
 3111.785156,    
 3111.786133,    
 3111.787109,    
 3111.788086,    
 3111.789062,    
 3111.790039,    
 3111.791260,    
 3111.792236,    
 3111.793213,    
 3111.794189,    
 3111.795166,    
 3111.796143,    
 3111.797119,    
 3111.798096,    
 3111.799072,    
 3111.800049,    
 3111.801025,    
 3111.802246,    
 3111.803223,    
 3111.804199,    
 3111.805176,    
 3111.806152,    
 3111.807129,    
 3111.808105,    
 3111.809082,    
 3111.810059,    
 3111.811035,    
 3111.812256,    
 3111.813232,    
 3111.814209,    
 3111.815186,    
 3111.816162,    
 3111.817139,    
 3111.818115,    
 3111.819092,    
 3111.820068,    
 3111.821045,    
 3111.822021,    
 3111.823242,    
 3111.824219,    
 3111.825195,    
 3111.826172,    
 3111.827148,    
 3111.828125,    
 3111.829102,    
 3111.830078,    
 3111.831055,    
 3111.832031,    
 3111.833252,    
 3111.834229,    
 3111.835205,    
 3111.836182,    
 3111.837158,    
 3111.838135,    
 3111.839111,    
 3111.840088,    
 3111.841064,    
 3111.842041,    
 3111.843018,    
 3111.844238,    
 3111.845215,    
 3111.846191,    
 3111.847168,    
 3111.848145,    
 3111.849121,    
 3111.850098,    
 3111.851074,    
 3111.852051,    
 3111.853027,    
 3111.854248,    
 3111.855225,    
 3111.856201,    
 3111.857178,    
 3111.858154,    
 3111.859131,    
 3111.860107,    
 3111.861084,    
 3111.862061,    
 3111.863037,    
 3111.864258,    
 3111.865234,    
 3111.866211,    
 3111.867188,    
 3111.868164,    
 3111.869141,    
 3111.870117,    
 3111.871094,    
 3111.872070,    
 3111.873047,    
 3111.874023,    
 3111.875244,    
 3111.876221,    
 3111.877197,    
 3111.878174,    
 3111.879150,    
 3111.880127,    
 3111.881104,    
 3111.882080,    
 3111.883057,    
 3111.884033,    
 3111.885254,    
 3111.886230,    
 3111.887207,    
 3111.888184,    
 3111.889160,    
 3111.890137,    
 3111.891113,    
 3111.892090,    
 3111.893066,    
 3111.894043,    
 3111.895020,    
 3111.896240,    
 3111.897217,    
 3111.898193,    
 3111.899170,    
 3111.900146,    
 3111.901123,    
 3111.902100,    
 3111.903076,    
 3111.904053,    
 3111.905029,    
 3111.906250,    
 3111.907227,    
 3111.908203,    
 3111.909180,    
 3111.910156,    
 3111.911133,    
 3111.912109,    
 3111.913086,    
 3111.914062,    
 3111.915039,    
 3111.916016,    
 3111.917236,    
 3111.918213,    
 3111.919189,    
 3111.920166,    
 3111.921143,    
 3111.922119,    
 3111.923096,    
 3111.924072,    
 3111.925049,    
 3111.926025,    
 3111.927246,    
 3111.928223,    
 3111.929199,    
 3111.930176,    
 3111.931152,    
 3111.932129,    
 3111.933105,    
 3111.934082,    
 3111.935059,    
 3111.936035,    
 3111.937256,    
 3111.938232,    
 3111.939209,    
 3111.940186,    
 3111.941162,    
 3111.942139,    
 3111.943115,    
 3111.944092,    
 3111.945068,    
 3111.946045,    
 3111.947021,    
 3111.948242,    
 3111.949219,    
 3111.950195,    
 3111.951172,    
 3111.952148,    
 3111.953125,    
 3111.954102,    
 3111.955078,    
 3111.956055,    
 3111.957031,    
 3111.958252,    
 3111.959229,    
 3111.960205,    
 3111.961182,    
 3111.962158,    
 3111.963135,    
 3111.964111,    
 3111.965088,    
 3111.966064,    
 3111.967041,    
 3111.968018,    
 3111.969238,    
 3111.970215,    
 3111.971191,    
 3111.972168,    
 3111.973145,    
 3111.974121,    
 3111.975098,    
 3111.976074,    
 3111.977051,    
 3111.978027,    
 3111.979248,    
 3111.980225,    
 3111.981201,    
 3111.982178,    
 3111.983154,    
 3111.984131,    
 3111.985107,    
 3111.986084,    
 3111.987061,    
 3111.988037,    
 3111.989258,    
 3111.990234,    
 3111.991211,    
 3111.992188,    
 3111.993164,    
 3111.994141,    
 3111.995117,    
 3111.996094,    
 3111.997070,    
 3111.998047,    
 3111.999023,    
 3112.000244,    
 3112.001221,    
 3112.002197,    
 3112.003174,    
 3112.004150,    
 3112.005127,    
 3112.006104,    
 3112.007080,    
 3112.008057,    
 3112.009033,    
 3112.010254,    
 3112.011230,    
 3112.012207,    
 3112.013184,    
 3112.014160,    
 3112.015137,    
 3112.016113,    
 3112.017090,    
 3112.018066,    
 3112.019043,    
 3112.020020,    
 3112.021240,    
 3112.022217,    
 3112.023193,    
 3112.024170,    
 3112.025146,    
 3112.026123,    
 3112.027100,    
 3112.028076,    
 3112.029053,    
 3112.030029,    
 3112.031250,    
 3112.032227,    
 3112.033203,    
 3112.034180,    
 3112.035156,    
 3112.036133,    
 3112.037109,    
 3112.038086,    
 3112.039062,    
 3112.040039,    
 3112.041016,    
 3112.042236,    
 3112.043213,    
 3112.044189,    
 3112.045166,    
 3112.046143,    
 3112.047119,    
 3112.048096,    
 3112.049072,    
 3112.050049,    
 3112.051025,    
 3112.052246,    
 3112.053223,    
 3112.054199,    
 3112.055176,    
 3112.056152,    
 3112.057129,    
 3112.058105,    
 3112.059082,    
 3112.060059,    
 3112.061035,    
 3112.062256,    
 3112.063232,    
 3112.064209,    
 3112.065186,    
 3112.066162,    
 3112.067139,    
 3112.068115,    
 3112.069092,    
 3112.070068,    
 3112.071045,    
 3112.072021,    
 3112.073242,    
 3112.074219,    
 3112.075195,    
 3112.076172,    
 3112.077148,    
 3112.078125,    
 3112.079102,    
 3112.080078,    
 3112.081055,    
 3112.082031,    
 3112.083252,    
 3112.084229,    
 3112.085205,    
 3112.086182,    
 3112.087158,    
 3112.088135,    
 3112.089111,    
 3112.090088,    
 3112.091064,    
 3112.092041,    
 3112.093018,    
 3112.094238,    
 3112.095215,    
 3112.096191,    
 3112.097168,    
 3112.098145,    
 3112.099121,    
 3112.100098,    
 3112.101074,    
 3112.102051,    
 3112.103027,    
 3112.104248,    
 3112.105225,    
 3112.106201,    
 3112.107178,    
 3112.108154,    
 3112.109131,    
 3112.110107,    
 3112.111084,    
 3112.112061,    
 3112.113037,    
 3112.114258,    
 3112.115234,    
 3112.116211,    
 3112.117188,    
 3112.118164,    
 3112.119141,    
 3112.120117,    
 3112.121094,    
 3112.122070,    
 3112.123047,    
 3112.124023,    
 3112.125244,    
 3112.126221,    
 3112.127197,    
 3112.128174,    
 3112.129150,    
 3112.130127,    
 3112.131104,    
 3112.132080,    
 3112.133057,    
 3112.134033,    
 3112.135254,    
 3112.136230,    
 3112.137207,    
 3112.138184,    
 3112.139160,    
 3112.140137,    
 3112.141113,    
 3112.142090,    
 3112.143066,    
 3112.144043,    
 3112.145264,    
 3112.146240,    
 3112.147217,    
 3112.148193,    
 3112.149170,    
 3112.150146,    
 3112.151123,    
 3112.152100,    
 3112.153076,    
 3112.154053,    
 3112.155029,    
 3112.156250,    
 3112.157227,    
 3112.158203,    
 3112.159180,    
 3112.160156,    
 3112.161133,    
 3112.162109,    
 3112.163086,    
 3112.164062,    
 3112.165039,    
 3112.166016,    
 3112.167236,    
 3112.168213,    
 3112.169189,    
 3112.170166,    
 3112.171143,    
 3112.172119,    
 3112.173096,    
 3112.174072,    
 3112.175049,    
 3112.176025,    
 3112.177246,    
 3112.178223,    
 3112.179199,    
 3112.180176,    
 3112.181152,    
 3112.182129,    
 3112.183105,    
 3112.184082,    
 3112.185059,    
 3112.186035,    
 3112.187256,    
 3112.188232,    
 3112.189209,    
 3112.190186,    
 3112.191162,    
 3112.192139,    
 3112.193115,    
 3112.194092,    
 3112.195068,    
 3112.196045,    
 3112.197021,    
 3112.198242,    
 3112.199219,    
 3112.200195,    
 3112.201172,    
 3112.202148,    
 3112.203125,    
 3112.204102,    
 3112.205078,    
 3112.206055,    
 3112.207031,    
 3112.208252,    
 3112.209229,    
 3112.210205,    
 3112.211182,    
 3112.212158,    
 3112.213135,    
 3112.214111,    
 3112.215088,    
 3112.216064,    
 3112.217041,    
 3112.218018,    
 3112.219238,    
 3112.220215,    
 3112.221191,    
 3112.222168,    
 3112.223145,    
 3112.224121,    
 3112.225098,    
 3112.226074,    
 3112.227051,    
 3112.228027,    
 3112.229248,    
 3112.230225,    
 3112.231201,    
 3112.232178,    
 3112.233154,    
 3112.234131,    
 3112.235107,    
 3112.236084,    
 3112.237061,    
 3112.238037,    
 3112.239258,    
 3112.240234,    
 3112.241211,    
 3112.242188,    
 3112.243164,    
 3112.244141,    
 3112.245117,    
 3112.246094,    
 3112.247070,    
 3112.248047,    
 3112.249023,    
 3112.250244,    
 3112.251221,    
 3112.252197,    
 3112.253174,    
 3112.254150,    
 3112.255127,    
 3112.256104,    
 3112.257080,    
 3112.258057,    
 3112.259033,    
 3112.260254,    
 3112.261230,    
 3112.262207,    
 3112.263184,    
 3112.264160,    
 3112.265137,    
 3112.266113,    
 3112.267090,    
 3112.268066,    
 3112.269043,    
 3112.270020,    
 3112.271240,    
 3112.272217,    
 3112.273193,    
 3112.274170,    
 3112.275146,    
 3112.276123,    
 3112.277100,    
 3112.278076,    
 3112.279053,    
 3112.280029,    
 3112.281250,    
 3112.282227,    
 3112.283203,    
 3112.284180,    
 3112.285156,    
 3112.286133,    
 3112.287109,    
 3112.288086,    
 3112.289062,    
 3112.290039,    
 3112.291016,    
 3112.292236,    
 3112.293213,    
 3112.294189,    
 3112.295166,    
 3112.296143,    
 3112.297119,    
 3112.298096,    
 3112.299072,    
 3112.300049,    
 3112.301025,    
 3112.302246,    
 3112.303223,    
 3112.304199,    
 3112.305176,    
 3112.306152,    
 3112.307129,    
 3112.308105,    
 3112.309082,    
 3112.310059,    
 3112.311035,    
 3112.312256,    
 3112.313232,    
 3112.314209,    
 3112.315186,    
 3112.316162,    
 3112.317139,    
 3112.318115,    
 3112.319092,    
 3112.320068,    
 3112.321045,    
 3112.322021,    
 3112.323242,    
 3112.324219,    
 3112.325195,    
 3112.326172,    
 3112.327148,    
 3112.328125,    
 3112.329102,    
 3112.330078,    
 3112.331055,    
 3112.332031,    
 3112.333252,    
 3112.334229,    
 3112.335205,    
 3112.336182,    
 3112.337158,    
 3112.338135,    
 3112.339111,    
 3112.340088,    
 3112.341064,    
 3112.342041,    
 3112.343018,    
 3112.344238,    
 3112.345215,    
 3112.346191,    
 3112.347168,    
 3112.348145,    
 3112.349121,    
 3112.350098,    
 3112.351074,    
 3112.352051,    
 3112.353027,    
 3112.354248,    
 3112.355225,    
 3112.356201,    
 3112.357178,    
 3112.358154,    
 3112.359131,    
 3112.360107,    
 3112.361084,    
 3112.362061,    
 3112.363037,    
 3112.364014,    
 3112.365234,    
 3112.366211,    
 3112.367188,    
 3112.368164,    
 3112.369141,    
 3112.370117,    
 3112.371094,    
 3112.372070,    
 3112.373047,    
 3112.374023,    
 3112.375244,    
 3112.376221,    
 3112.377197,    
 3112.378174,    
 3112.379150,    
 3112.380127,    
 3112.381104,    
 3112.382080,    
 3112.383057,    
 3112.384033,    
 3112.385254,    
 3112.386230,    
 3112.387207,    
 3112.388184,    
 3112.389160,    
 3112.390137,    
 3112.391113,    
 3112.392090,    
 3112.393066,    
 3112.394043,    
 3112.395020,    
 3112.396240,    
 3112.397217,    
 3112.398193,    
 3112.399170,    
 3112.400146,    
 3112.401123,    
 3112.402100,    
 3112.403076,    
 3112.404053,    
 3112.405029,    
 3112.406250,    
 3112.407227,    
 3112.408203,    
 3112.409180,    
 3112.410156,    
 3112.411133,    
 3112.412109,    
 3112.413086,    
 3112.414062,    
 3112.415039,    
 3112.416016,    
 3112.417236,    
 3112.418213,    
 3112.419189,    
 3112.420166,    
 3112.421143,    
 3112.422119,    
 3112.423096,    
 3112.424072,    
 3112.425049,    
 3112.426025,    
 3112.427246,    
 3112.428223,    
 3112.429199,    
 3112.430176,    
 3112.431152,    
 3112.432129,    
 3112.433105,    
 3112.434082,    
 3112.435059,    
 3112.436035,    
 3112.437256,    
 3112.438232,    
 3112.439209,    
 3112.440186,    
 3112.441162,    
 3112.442139,    
 3112.443115,    
 3112.444092,    
 3112.445068,    
 3112.446045,    
 3112.447021,    
 3112.448242,    
 3112.449219,    
 3112.450195,    
 3112.451172,    
 3112.452148,    
 3112.453125,    
 3112.454102,    
 3112.455078,    
 3112.456055,    
 3112.457031,    
 3112.458252,    
 3112.459229,    
 3112.460205,    
 3112.461182,    
 3112.462158,    
 3112.463135,    
 3112.464111,    
 3112.465088,    
 3112.466064,    
 3112.467041,    
 3112.468018,    
 3112.469238,    
 3112.470215,    
 3112.471191,    
 3112.472168,    
 3112.473145,    
 3112.474121,    
 3112.475098,    
 3112.476074,    
 3112.477051,    
 3112.478027,    
 3112.479248,    
 3112.480225,    
 3112.481201,    
 3112.482178,    
 3112.483154,    
 3112.484131,    
 3112.485107,    
 3112.486084,    
 3112.487061,    
 3112.488037,    
 3112.489014,    
 3112.490234,    
 3112.491211,    
 3112.492188,    
 3112.493164,    
 3112.494141,    
 3112.495117,    
 3112.496094,    
 3112.497070,    
 3112.498047,    
 3112.499023,    
 3112.500244,    
 3112.501221,    
 3112.502197,    
 3112.503174,    
 3112.504150,    
 3112.505127,    
 3112.506104,    
 3112.507080,    
 3112.508057,    
 3112.509033,    
 3112.510010,    
 3112.511230,    
 3112.512207,    
 3112.513184,    
 3112.514160,    
 3112.515137,    
 3112.516113,    
 3112.517090,    
 3112.518066,    
 3112.519043,    
 3112.520020,    
 3112.521240,    
 3112.522217,    
 3112.523193,    
 3112.524170,    
 3112.525146,    
 3112.526123,    
 3112.527100,    
 3112.528076,    
 3112.529053,    
 3112.530029,    
 3112.531250,    
 3112.532227,    
 3112.533203,    
 3112.534180,    
 3112.535156,    
 3112.536133,    
 3112.537109,    
 3112.538086,    
 3112.539062,    
 3112.540039,    
 3112.541260,    
 3112.542236,    
 3112.543213,    
 3112.544189,    
 3112.545166,    
 3112.546143,    
 3112.547119,    
 3112.548096,    
 3112.549072,    
 3112.550049,    
 3112.551025,    
 3112.552246,    
 3112.553223,    
 3112.554199,    
 3112.555176,    
 3112.556152,    
 3112.557129,    
 3112.558105,    
 3112.559082,    
 3112.560059,    
 3112.561035,    
 3112.562256,    
 3112.563232,    
 3112.564209,    
 3112.565186,    
 3112.566162,    
 3112.567139,    
 3112.568115,    
 3112.569092,    
 3112.570068,    
 3112.571045,    
 3112.572021,    
 3112.573242,    
 3112.574219,    
 3112.575195,    
 3112.576172,    
 3112.577148,    
 3112.578125,    
 3112.579102,    
 3112.580078,    
 3112.581055,    
 3112.582031,    
 3112.583252,    
 3112.584229,    
 3112.585205,    
 3112.586182,    
 3112.587158,    
 3112.588135,    
 3112.589111,    
 3112.590088,    
 3112.591064,    
 3112.592041,    
 3112.593018,    
 3112.594238,    
 3112.595215,    
 3112.596191,    
 3112.597168,    
 3112.598145,    
 3112.599121,    
 3112.600098,    
 3112.601074,    
 3112.602051,    
 3112.603271,    
 3112.604248,    
 3112.605225,    
 3112.606201,    
 3112.607178,    
 3112.608154,    
 3112.609131,    
 3112.610107,    
 3112.611084,    
 3112.612061,    
 3112.613037,    
 3112.614258,    
 3112.615234,    
 3112.616211,    
 3112.617188,    
 3112.618164,    
 3112.619141,    
 3112.620361,    
 3112.621094,    
 3112.622070,    
 3112.623047,    
 3112.624023,    
 3112.625244,    
 3112.626221,    
 3112.627197,    
 3112.628174,    
 3112.629150,    
 3112.630127,    
 3112.631104,    
 3112.632080,    
 3112.633057,    
 3112.634033,    
 3112.635254,    
 3112.636230,    
 3112.637207,    
 3112.638184,    
 3112.639160,    
 3112.640137,    
 3112.641113,    
 3112.642090,    
 3112.643066,    
 3112.644043,    
 3112.645020,    
 3112.646240,    
 3112.647217,    
 3112.648193,    
 3112.649170,    
 3112.650146,    
 3112.651123,    
 3112.652100,    
 3112.653076,    
 3112.654053,    
 3112.655029,    
 3112.656250,    
 3112.657227,    
 3112.658203,    
 3112.659180,    
 3112.660156,    
 3112.661133,    
 3112.662109,    
 3112.663086,    
 3112.664062,    
 3112.665039,    
 3112.666016,    
 3112.667236,    
 3112.668213,    
 3112.669189,    
 3112.670166,    
 3112.671143,    
 3112.672119,    
 3112.673096,    
 3112.674072,    
 3112.675049,    
 3112.676025,    
 3112.677246,    
 3112.678223,    
 3112.679199,    
 3112.680176,    
 3112.681152,    
 3112.682129,    
 3112.683105,    
 3112.684082,    
 3112.685059,    
 3112.686035,    
 3112.687256,    
 3112.688232,    
 3112.689209,    
 3112.690186,    
 3112.691162,    
 3112.692139,    
 3112.693115,    
 3112.694092,    
 3112.695068,    
 3112.696045,    
 3112.697021,    
 3112.698242,    
 3112.699219,    
 3112.700195,    
 3112.701172,    
 3112.702148,    
 3112.703125,    
 3112.704102,    
 3112.705078,    
 3112.706055,    
 3112.707031,    
 3112.708252,    
 3112.709229,    
 3112.710205,    
 3112.711182,    
 3112.712158,    
 3112.713135,    
 3112.714111,    
 3112.715088,    
 3112.716064,    
 3112.717041,    
 3112.718018,    
 3112.719238,    
 3112.720215,    
 3112.721191,    
 3112.722168,    
 3112.723145,    
 3112.724121,    
 3112.725098,    
 3112.726074,    
 3112.727051,    
 3112.728027,    
 3112.729248,    
 3112.730225,    
 3112.731201,    
 3112.732178,    
 3112.733154,    
 3112.734131,    
 3112.735107,    
 3112.736084,    
 3112.737061,    
 3112.738037,    
 3112.739014,    
 3112.740234,    
 3112.741211,    
 3112.742188,    
 3112.743164,    
 3112.744141,    
 3112.745117,    
 3112.746094,    
 3112.747070,    
 3112.748047,    
 3112.749023,    
 3112.750244,    
 3112.751221,    
 3112.752197,    
 3112.753174,    
 3112.754150,    
 3112.755127,    
 3112.756104,    
 3112.757080,    
 3112.758057,    
 3112.759033,    
 3112.760010,    
 3112.761230,    
 3112.762207,    
 3112.763184,    
 3112.764160,    
 3112.765137,    
 3112.766113,    
 3112.767090,    
 3112.768066,    
 3112.769043,    
 3112.770264,    
 3112.771240,    
 3112.772217,    
 3112.773193,    
 3112.774170,    
 3112.775146,    
 3112.776123,    
 3112.777100,    
 3112.778076,    
 3112.779053,    
 3112.780029,    
 3112.781250,    
 3112.782227,    
 3112.783203,    
 3112.784180,    
 3112.785156,    
 3112.786133,    
 3112.787109,    
 3112.788086,    
 3112.789062,    
 3112.790039,    
 3112.791260,    
 3112.792236,    
 3112.793213,    
 3112.794189,    
 3112.795166,    
 3112.796143,    
 3112.797119,    
 3112.798096,    
 3112.799072,    
 3112.800049,    
 3112.801025,    
 3112.802246,    
 3112.803223,    
 3112.804199,    
 3112.805176,    
 3112.806152,    
 3112.807129,    
 3112.808105,    
 3112.809082,    
 3112.810059,    
 3112.811035,    
 3112.812256,    
 3112.813232,    
 3112.814209,    
 3112.815186,    
 3112.816162,    
 3112.817139,    
 3112.818115,    
 3112.819092,    
 3112.820068,    
 3112.821045,    
 3112.822021,    
 3112.823242,    
 3112.824219,    
 3112.825195,    
 3112.826172,    
 3112.827148,    
 3112.828125,    
 3112.829102,    
 3112.830078,    
 3112.831055,    
 3112.832031,    
 3112.833252,    
 3112.834229,    
 3112.835205,    
 3112.836182,    
 3112.837158,    
 3112.838135,    
 3112.839111,    
 3112.840088,    
 3112.841064,    
 3112.842041,    
 3112.843018,    
 3112.844238,    
 3112.845215,    
 3112.846191,    
 3112.847168,    
 3112.848145,    
 3112.849121,    
 3112.850098,    
 3112.851074,    
 3112.852051,    
 3112.853027,    
 3112.854248,    
 3112.855225,    
 3112.856201,    
 3112.857178,    
 3112.858154,    
 3112.859131,    
 3112.860107,    
 3112.861084,    
 3112.862061,    
 3112.863037,    
 3112.864258,    
 3112.865234,    
 3112.866211,    
 3112.867188,    
 3112.868164,    
 3112.869141,    
 3112.870117,    
 3112.871094,    
 3112.872070,    
 3112.873047,    
 3112.874023,    
 3112.875244,    
 3112.876221,    
 3112.877197,    
 3112.878174,    
 3112.879150,    
 3112.880127,    
 3112.881104,    
 3112.882080,    
 3112.883057,    
 3112.884033,    
 3112.885254,    
 3112.886230,    
 3112.887207,    
 3112.888184,    
 3112.889160,    
 3112.890137,    
 3112.891113,    
 3112.892090,    
 3112.893066,    
 3112.894043,    
 3112.895020,    
 3112.896240,    
 3112.897217,    
 3112.898193,    
 3112.899170,    
 3112.900146,    
 3112.901123,    
 3112.902100,    
 3112.903076,    
 3112.904053,    
 3112.905029,    
 3112.906250,    
 3112.907227,    
 3112.908203,    
 3112.909180,    
 3112.910156,    
 3112.911133,    
 3112.912109,    
 3112.913086,    
 3112.914062,    
 3112.915039,    
 3112.916016,    
 3112.917236,    
 3112.918213,    
 3112.919189,    
 3112.920166,    
 3112.921143,    
 3112.922119,    
 3112.923096,    
 3112.924072,    
 3112.925049,    
 3112.926025,    
 3112.927246,    
 3112.928223,    
 3112.929199,    
 3112.930176,    
 3112.931152,    
 3112.932129,    
 3112.933105,    
 3112.934082,    
 3112.935059,    
 3112.936035,    
 3112.937256,    
 3112.938232,    
 3112.939209,    
 3112.940186,    
 3112.941162,    
 3112.942139,    
 3112.943115,    
 3112.944092,    
 3112.945068,    
 3112.946045,    
 3112.947021,    
 3112.948242,    
 3112.949219,    
 3112.950195,    
 3112.951172,    
 3112.952148,    
 3112.953125,    
 3112.954102,    
 3112.955078,    
 3112.956055,    
 3112.957031,    
 3112.958252,    
 3112.959229,    
 3112.960205,    
 3112.961182,    
 3112.962158,    
 3112.963135,    
 3112.964111,    
 3112.965088,    
 3112.966064,    
 3112.967041,    
 3112.968018,    
 3112.969238,    
 3112.970215,    
 3112.971191,    
 3112.972168,    
 3112.973145,    
 3112.974121,    
 3112.975098,    
 3112.976074,    
 3112.977051,    
 3112.978027,    
 3112.979248,    
 3112.980225,    
 3112.981201,    
 3112.982178,    
 3112.983154,    
 3112.984131,    
 3112.985107,    
 3112.986084,    
 3112.987061,    
 3112.988037,    
 3112.989258,    
 3112.990234,    
 3112.991211,    
 3112.992188,    
 3112.993164,    
 3112.994141,    
 3112.995117,    
 3112.996094,    
 3112.997070,    
 3112.998047,    
 3112.999023,    
 3113.000244,    
 3113.001221,    
 3113.002197,    
 3113.003174,    
 3113.004150,    
 3113.005127,    
 3113.006104,    
 3113.007080,    
 3113.008057,    
 3113.009033,    
 3113.010254,    
 3113.011230,    
 3113.012207,    
 3113.013184,    
 3113.014160,    
 3113.015137,    
 3113.016113,    
 3113.017090,    
 3113.018066,    
 3113.019043,    
 3113.020020,    
 3113.021240,    
 3113.022217,    
 3113.023193,    
 3113.024170,    
 3113.025146,    
 3113.026123,    
 3113.027100,    
 3113.028076,    
 3113.029053,    
 3113.030029,    
 3113.031250,    
 3113.032227,    
 3113.033203,    
 3113.034180,    
 3113.035156,    
 3113.036133,    
 3113.037109,    
 3113.038086,    
 3113.039062,    
 3113.040039,    
 3113.041016,    
 3113.042236,    
 3113.043213,    
 3113.044189,    
 3113.045166,    
 3113.046143,    
 3113.047119,    
 3113.048096,    
 3113.049072,    
 3113.050049,    
 3113.051025,    
 3113.052246,    
 3113.053223,    
 3113.054199,    
 3113.055176,    
 3113.056152,    
 3113.057129,    
 3113.058105,    
 3113.059082,    
 3113.060059,    
 3113.061035,    
 3113.062256,    
 3113.063232,    
 3113.064209,    
 3113.065186,    
 3113.066162,    
 3113.067139,    
 3113.068115,    
 3113.069092,    
 3113.070068,    
 3113.071045,    
 3113.072021,    
 3113.073242,    
 3113.074219,    
 3113.075195,    
 3113.076172,    
 3113.077148,    
 3113.078125,    
 3113.079102,    
 3113.080078,    
 3113.081055,    
 3113.082031,    
 3113.083252,    
 3113.084229,    
 3113.085205,    
 3113.086182,    
 3113.087158,    
 3113.088135,    
 3113.089111,    
 3113.090088,    
 3113.091064,    
 3113.092041,    
 3113.093018,    
 3113.094238,    
 3113.095215,    
 3113.096191,    
 3113.097168,    
 3113.098145,    
 3113.099121,    
 3113.100098,    
 3113.101074,    
 3113.102051,    
 3113.103027,    
 3113.104248,    
 3113.105225,    
 3113.106201,    
 3113.107178,    
 3113.108154,    
 3113.109131,    
 3113.110107,    
 3113.111084,    
 3113.112061,    
 3113.113037,    
 3113.114258,    
 3113.115234,    
 3113.116211,    
 3113.117188,    
 3113.118164,    
 3113.119141,    
 3113.120117,    
 3113.121094,    
 3113.122070,    
 3113.123047,    
 3113.124023,    
 3113.125244,    
 3113.126221,    
 3113.127197,    
 3113.128174,    
 3113.129150,    
 3113.130127,    
 3113.131104,    
 3113.132080,    
 3113.133057,    
 3113.134033,    
 3113.135254,    
 3113.136230,    
 3113.137207,    
 3113.138184,    
 3113.139160,    
 3113.140137,    
 3113.141113,    
 3113.142090,    
 3113.143066,    
 3113.144287,    
 3113.145020,    
 3113.146240,    
 3113.147217,    
 3113.148193,    
 3113.149170,    
 3113.150146,    
 3113.151123,    
 3113.152100,    
 3113.153076,    
 3113.154053,    
 3113.155029,    
 3113.156250,    
 3113.157227,    
 3113.158203,    
 3113.159180,    
 3113.160156,    
 3113.161133,    
 3113.162109,    
 3113.163086,    
 3113.164062,    
 3113.165039,    
 3113.166016,    
 3113.167236,    
 3113.168213,    
 3113.169189,    
 3113.170166,    
 3113.171143,    
 3113.172119,    
 3113.173096,    
 3113.174072,    
 3113.175049,    
 3113.176025,    
 3113.177246,    
 3113.178223,    
 3113.179199,    
 3113.180176,    
 3113.181152,    
 3113.182129,    
 3113.183105,    
 3113.184082,    
 3113.185059,    
 3113.186035,    
 3113.187256,    
 3113.188232,    
 3113.189209,    
 3113.190186,    
 3113.191162,    
 3113.192139,    
 3113.193115,    
 3113.194092,    
 3113.195068,    
 3113.196045,    
 3113.197021,    
 3113.198242,    
 3113.199219,    
 3113.200195,    
 3113.201172,    
 3113.202148,    
 3113.203125,    
 3113.204102,    
 3113.205078,    
 3113.206055,    
 3113.207031,    
 3113.208252,    
 3113.209229,    
 3113.210205,    
 3113.211182,    
 3113.212158,    
 3113.213135,    
 3113.214111,    
 3113.215088,    
 3113.216064,    
 3113.217041,    
 3113.218018,    
 3113.219238,    
 3113.220215,    
 3113.221191,    
 3113.222168,    
 3113.223145,    
 3113.224121,    
 3113.225098,    
 3113.226074,    
 3113.227051,    
 3113.228027,    
 3113.229248,    
 3113.230225,    
 3113.231201,    
 3113.232178,    
 3113.233154,    
 3113.234131,    
 3113.235107,    
 3113.236084,    
 3113.237061,    
 3113.238037,    
 3113.239014,    
 3113.240234,    
 3113.241211,    
 3113.242188,    
 3113.243164,    
 3113.244141,    
 3113.245117,    
 3113.246094,    
 3113.247070,    
 3113.248047,    
 3113.249023,    
 3113.250244,    
 3113.251221,    
 3113.252197,    
 3113.253174,    
 3113.254150,    
 3113.255127,    
 3113.256104,    
 3113.257080,    
 3113.258057,    
 3113.259033,    
 3113.260254,    
 3113.261230,    
 3113.262207,    
 3113.263184,    
 3113.264160,    
 3113.265137,    
 3113.266113,    
 3113.267090,    
 3113.268066,    
 3113.269043,    
 3113.270020,    
 3113.271240,    
 3113.272217,    
 3113.273193,    
 3113.274170,    
 3113.275146,    
 3113.276123,    
 3113.277100,    
 3113.278076,    
 3113.279053,    
 3113.280029,    
 3113.281250,    
 3113.282227,    
 3113.283203,    
 3113.284180,    
 3113.285156,    
 3113.286133,    
 3113.287109,    
 3113.288086,    
 3113.289062,    
 3113.290039,    
 3113.291260,    
 3113.292236,    
 3113.293213,    
 3113.294189,    
 3113.295166,    
 3113.296143,    
 3113.297119,    
 3113.298096,    
 3113.299072,    
 3113.300049,    
 3113.301025,    
 3113.302246,    
 3113.303223,    
 3113.304199,    
 3113.305176,    
 3113.306152,    
 3113.307129,    
 3113.308105,    
 3113.309082,    
 3113.310059,    
 3113.311035,    
 3113.312256,    
 3113.313232,    
 3113.314209,    
 3113.315186,    
 3113.316162,    
 3113.317139,    
 3113.318115,    
 3113.319092,    
 3113.320068,    
 3113.321045,    
 3113.322021,    
 3113.323242,    
 3113.324219,    
 3113.325195,    
 3113.326172,    
 3113.327148,    
 3113.328125,    
 3113.329102,    
 3113.330078,    
 3113.331055,    
 3113.332031,    
 3113.333252,    
 3113.334229,    
 3113.335205,    
 3113.336182,    
 3113.337158,    
 3113.338135,    
 3113.339111,    
 3113.340088,    
 3113.341064,    
 3113.342041,    
 3113.343018,    
 3113.344238,    
 3113.345215,    
 3113.346191,    
 3113.347168,    
 3113.348145,    
 3113.349121,    
 3113.350098,    
 3113.351074,    
 3113.352051,    
 3113.353027,    
 3113.354248,    
 3113.355225,    
 3113.356201,    
 3113.357178,    
 3113.358154,    
 3113.359131,    
 3113.360107,    
 3113.361084,    
 3113.362061,    
 3113.363037,    
 3113.364258,    
 3113.365234,    
 3113.366211,    
 3113.367188,    
 3113.368164,    
 3113.369141,    
 3113.370117,    
 3113.371094,    
 3113.372070,    
 3113.373047,    
 3113.374023,    
 3113.375244,    
 3113.376221,    
 3113.377197,    
 3113.378174,    
 3113.379150,    
 3113.380127,    
 3113.381104,    
 3113.382080,    
 3113.383057,    
 3113.384033,    
 3113.385254,    
 3113.386230,    
 3113.387207,    
 3113.388184,    
 3113.389160,    
 3113.390137,    
 3113.391113,    
 3113.392090,    
 3113.393066,    
 3113.394043,    
 3113.395020,    
 3113.396240,    
 3113.397217,    
 3113.398193,    
 3113.399170,    
 3113.400146,    
 3113.401123,    
 3113.402100,    
 3113.403076,    
 3113.404053,    
 3113.405029,    
 3113.406250,    
 3113.407227,    
 3113.408203,    
 3113.409180,    
 3113.410156,    
 3113.411133,    
 3113.412109,    
 3113.413086,    
 3113.414062,    
 3113.415039,    
 3113.416016,    
 3113.417236,    
 3113.418213,    
 3113.419189,    
 3113.420166,    
 3113.421143,    
 3113.422119,    
 3113.423096,    
 3113.424072,    
 3113.425049,    
 3113.426025,    
 3113.427246,    
 3113.428223,    
 3113.429199,    
 3113.430176,    
 3113.431152,    
 3113.432129,    
 3113.433105,    
 3113.434082,    
 3113.435059,    
 3113.436035,    
 3113.437256,    
 3113.438232,    
 3113.439209,    
 3113.440186,    
 3113.441162,    
 3113.442139,    
 3113.443115,    
 3113.444092,    
 3113.445068,    
 3113.446045,    
 3113.447021,    
 3113.448242,    
 3113.449219,    
 3113.450195,    
 3113.451172,    
 3113.452148,    
 3113.453125,    
 3113.454102,    
 3113.455078,    
 3113.456055,    
 3113.457031,    
 3113.458252,    
 3113.459229,    
 3113.460205,    
 3113.461182,    
 3113.462158,    
 3113.463135,    
 3113.464111,    
 3113.465088,    
 3113.466064,    
 3113.467041,    
 3113.468018,    
 3113.469238,    
 3113.470215,    
 3113.471191,    
 3113.472168,    
 3113.473145,    
 3113.474121,    
 3113.475098,    
 3113.476074,    
 3113.477051,    
 3113.478027,    
 3113.479248,    
 3113.480225,    
 3113.481201,    
 3113.482178,    
 3113.483154,    
 3113.484131,    
 3113.485107,    
 3113.486084,    
 3113.487061,    
 3113.488037,    
 3113.489014,    
 3113.490234,    
 3113.491211,    
 3113.492188,    
 3113.493164,    
 3113.494141,    
 3113.495117,    
 3113.496094,    
 3113.497070,    
 3113.498047,    
 3113.499023,    
 3113.500244,    
 3113.501221,    
 3113.502197,    
 3113.503174,    
 3113.504150,    
 3113.505127,    
 3113.506104,    
 3113.507080,    
 3113.508057,    
 3113.509033,    
 3113.510254,    
 3113.511230,    
 3113.512207,    
 3113.513184,    
 3113.514160,    
 3113.515137,    
 3113.516113,    
 3113.517090,    
 3113.518066,    
 3113.519043,    
 3113.520020,    
 3113.521240,    
 3113.522217,    
 3113.523193,    
 3113.524170,    
 3113.525146,    
 3113.526123,    
 3113.527100,    
 3113.528076,    
 3113.529053,    
 3113.530029,    
 3113.531250,    
 3113.532227,    
 3113.533203,    
 3113.534180,    
 3113.535156,    
 3113.536133,    
 3113.537109,    
 3113.538086,    
 3113.539062,    
 3113.540039,    
 3113.541260,    
 3113.542236,    
 3113.543213,    
 3113.544189,    
 3113.545166,    
 3113.546143,    
 3113.547119,    
 3113.548096,    
 3113.549072,    
 3113.550049,    
 3113.551025,    
 3113.552246,    
 3113.553223,    
 3113.554199,    
 3113.555176,    
 3113.556152,    
 3113.557129,    
 3113.558105,    
 3113.559082,    
 3113.560059,    
 3113.561035,    
 3113.562256,    
 3113.563232,    
 3113.564209,    
 3113.565186,    
 3113.566162,    
 3113.567139,    
 3113.568115,    
 3113.569092,    
 3113.570068,    
 3113.571045,    
 3113.572021,    
 3113.573242,    
 3113.574219,    
 3113.575195,    
 3113.576172,    
 3113.577148,    
 3113.578125,    
 3113.579102,    
 3113.580078,    
 3113.581055,    
 3113.582031,    
 3113.583252,    
 3113.584229,    
 3113.585205,    
 3113.586182,    
 3113.587158,    
 3113.588135,    
 3113.589111,    
 3113.590088,    
 3113.591064,    
 3113.592041,    
 3113.593018,    
 3113.594238,    
 3113.595215,    
 3113.596191,    
 3113.597168,    
 3113.598145,    
 3113.599121,    
 3113.600098,    
 3113.601074,    
 3113.602051,    
 3113.603027,    
 3113.604248,    
 3113.605225,    
 3113.606201,    
 3113.607178,    
 3113.608154,    
 3113.609131,    
 3113.610107,    
 3113.611084,    
 3113.612061,    
 3113.613037,    
 3113.614014,    
 3113.615234,    
 3113.616211,    
 3113.617188,    
 3113.618164,    
 3113.619141,    
 3113.620117,    
 3113.621094,    
 3113.622070,    
 3113.623047,    
 3113.624023,    
 3113.625244,    
 3113.626221,    
 3113.627197,    
 3113.628174,    
 3113.629150,    
 3113.630127,    
 3113.631104,    
 3113.632080,    
 3113.633057,    
 3113.634033,    
 3113.635254,    
 3113.636230,    
 3113.637207,    
 3113.638184,    
 3113.639160,    
 3113.640137,    
 3113.641113,    
 3113.642090,    
 3113.643066,    
 3113.644043,    
 3113.645020,    
 3113.646240,    
 3113.647217,    
 3113.648193,    
 3113.649170,    
 3113.650146,    
 3113.651123,    
 3113.652100,    
 3113.653076,    
 3113.654053,    
 3113.655029,    
 3113.656250,    
 3113.657227,    
 3113.658203,    
 3113.659180,    
 3113.660156,    
 3113.661133,    
 3113.662109,    
 3113.663086,    
 3113.664062,    
 3113.665039,    
 3113.666016,    
 3113.667236,    
 3113.668213,    
 3113.669189,    
 3113.670166,    
 3113.671143,    
 3113.672119,    
 3113.673096,    
 3113.674072,    
 3113.675049,    
 3113.676025,    
 3113.677246,    
 3113.678223,    
 3113.679199,    
 3113.680176,    
 3113.681152,    
 3113.682129,    
 3113.683105,    
 3113.684082,    
 3113.685059,    
 3113.686035,    
 3113.687256,    
 3113.688232,    
 3113.689209,    
 3113.690186,    
 3113.691162,    
 3113.692139,    
 3113.693115,    
 3113.694092,    
 3113.695068,    
 3113.696045,    
 3113.697021,    
 3113.698242,    
 3113.699219,    
 3113.700195,    
 3113.701172,    
 3113.702148,    
 3113.703125,    
 3113.704102,    
 3113.705078,    
 3113.706055,    
 3113.707275,    
 3113.708252,    
 3113.709229,    
 3113.710205,    
 3113.711182,    
 3113.712158,    
 3113.713135,    
 3113.714111,    
 3113.715088,    
 3113.716064,    
 3113.717041,    
 3113.718262,    
 3113.719238,    
 3113.720215,    
 3113.721191,    
 3113.722168,    
 3113.723145,    
 3113.724121,    
 3113.725098,    
 3113.726074,    
 3113.727051,    
 3113.728027,    
 3113.729248,    
 3113.730225,    
 3113.731201,    
 3113.732178,    
 3113.733154,    
 3113.734131,    
 3113.735107,    
 3113.736084,    
 3113.737061,    
 3113.738281,    
 3113.739258,    
 3113.740234,    
 3113.741211,    
 3113.742188,    
 3113.743164,    
 3113.744141,    
 3113.745117,    
 3113.746094,    
 3113.747070,    
 3113.748047,    
 3113.749023,    
 3113.750244,    
 3113.751221,    
 3113.752197,    
 3113.753174,    
 3113.754150,    
 3113.755127,    
 3113.756104,    
 3113.757080,    
 3113.758057,    
 3113.759033,    
 3113.760254,    
 3113.761230,    
 3113.762207,    
 3113.763184,    
 3113.764160,    
 3113.765137,    
 3113.766113,    
 3113.767090,    
 3113.768066,    
 3113.769043,    
 3113.770264,    
 3113.771240,    
 3113.772217,    
 3113.773193,    
 3113.774170,    
 3113.775146,    
 3113.776123,    
 3113.777100,    
 3113.778076,    
 3113.779053,    
 3113.780029,    
 3113.781250,    
 3113.782227,    
 3113.783203,    
 3113.784180,    
 3113.785156,    
 3113.786133,    
 3113.787109,    
 3113.788086,    
 3113.789062,    
 3113.790039,    
 3113.791260,    
 3113.792236,    
 3113.793213,    
 3113.794189,    
 3113.795166,    
 3113.796143,    
 3113.797119,    
 3113.798096,    
 3113.799072,    
 3113.800049,    
 3113.801025,    
 3113.802246,    
 3113.803223,    
 3113.804199,    
 3113.805176,    
 3113.806152,    
 3113.807129,    
 3113.808105,    
 3113.809082,    
 3113.810059,    
 3113.811035,    
 3113.812256,    
 3113.813232,    
 3113.814209,    
 3113.815186,    
 3113.816162,    
 3113.817139,    
 3113.818115,    
 3113.819092,    
 3113.820068,    
 3113.821045,    
 3113.822021,    
 3113.823242,    
 3113.824219,    
 3113.825195,    
 3113.826172,    
 3113.827148,    
 3113.828125,    
 3113.829102,    
 3113.830078,    
 3113.831055,    
 3113.832031,    
 3113.833252,    
 3113.834229,    
 3113.835205,    
 3113.836182,    
 3113.837158,    
 3113.838135,    
 3113.839111,    
 3113.840088,    
 3113.841064,    
 3113.842041,    
 3113.843262,    
 3113.844238,    
 3113.845215,    
 3113.846191,    
 3113.847168,    
 3113.848145,    
 3113.849121,    
 3113.850098,    
 3113.851074,    
 3113.852051,    
 3113.853027,    
 3113.854248,    
 3113.855225,    
 3113.856201,    
 3113.857178,    
 3113.858154,    
 3113.859131,    
 3113.860107,    
 3113.861084,    
 3113.862061,    
 3113.863037,    
 3113.864258,    
 3113.865234,    
 3113.866211,    
 3113.867188,    
 3113.868164,    
 3113.869141,    
 3113.870117,    
 3113.871094,    
 3113.872070,    
 3113.873047,    
 3113.874023,    
 3113.875244,    
 3113.876221,    
 3113.877197,    
 3113.878174,    
 3113.879150,    
 3113.880127,    
 3113.881104,    
 3113.882080,    
 3113.883057,    
 3113.884033,    
 3113.885254,    
 3113.886230,    
 3113.887207,    
 3113.888184,    
 3113.889160,    
 3113.890137,    
 3113.891113,    
 3113.892090,    
 3113.893066,    
 3113.894043,    
 3113.895020,    
 3113.896240,    
 3113.897217,    
 3113.898193,    
 3113.899170,    
 3113.900146,    
 3113.901123,    
 3113.902100,    
 3113.903076,    
 3113.904053,    
 3113.905029,    
 3113.906250,    
 3113.907227,    
 3113.908203,    
 3113.909180,    
 3113.910156,    
 3113.911133,    
 3113.912109,    
 3113.913086,    
 3113.914062,    
 3113.915039,    
 3113.916016,    
 3113.917236,    
 3113.918213,    
 3113.919189,    
 3113.920166,    
 3113.921143,    
 3113.922119,    
 3113.923096,    
 3113.924072,    
 3113.925049,    
 3113.926025,    
 3113.927246,    
 3113.928223,    
 3113.929199,    
 3113.930176,    
 3113.931152,    
 3113.932129,    
 3113.933105,    
 3113.934082,    
 3113.935059,    
 3113.936035,    
 3113.937256,    
 3113.938232,    
 3113.939209,    
 3113.940186,    
 3113.941162,    
 3113.942139,    
 3113.943115,    
 3113.944092,    
 3113.945068,    
 3113.946045,    
 3113.947021,    
 3113.948242,    
 3113.949219,    
 3113.950195,    
 3113.951172,    
 3113.952148,    
 3113.953125,    
 3113.954102,    
 3113.955078,    
 3113.956055,    
 3113.957031,    
 3113.958252,    
 3113.959229,    
 3113.960205,    
 3113.961182,    
 3113.962158,    
 3113.963135,    
 3113.964111,    
 3113.965332,    
 3113.966064,    
 3113.967041,    
 3113.968018,    
 3113.969238,    
 3113.970215,    
 3113.971191,    
 3113.972168,    
 3113.973145,    
 3113.974121,    
 3113.975098,    
 3113.976074,    
 3113.977051,    
 3113.978027,    
 3113.979248,    
 3113.980225,    
 3113.981201,    
 3113.982178,    
 3113.983154,    
 3113.984131,    
 3113.985107,    
 3113.986084,    
 3113.987061,    
 3113.988037,    
 3113.989014,    
 3113.990234,    
 3113.991211,    
 3113.992188,    
 3113.993164,    
 3113.994141,    
 3113.995117,    
 3113.996094,    
 3113.997070,    
 3113.998047,    
 3113.999023,    
 3114.000244,    
 3114.001221,    
 3114.002197,    
 3114.003174,    
 3114.004150,    
 3114.005127,    
 3114.006104,    
 3114.007080,    
 3114.008057,    
 3114.009033,    
 3114.010254,    
 3114.011230,    
 3114.012207,    
 3114.013184,    
 3114.014160,    
 3114.015137,    
 3114.016113,    
 3114.017090,    
 3114.018066,    
 3114.019043,    
 3114.020020,    
 3114.021240,    
 3114.022217,    
 3114.023193,    
 3114.024170,    
 3114.025146,    
 3114.026123,    
 3114.027100,    
 3114.028076,    
 3114.029053,    
 3114.030029,    
 3114.031250,    
 3114.032227,    
 3114.033203,    
 3114.034180,    
 3114.035156,    
 3114.036133,    
 3114.037109,    
 3114.038086,    
 3114.039062,    
 3114.040039,    
 3114.041016,    
 3114.042236,    
 3114.043213,    
 3114.044189,    
 3114.045166,    
 3114.046143,    
 3114.047119,    
 3114.048096,    
 3114.049072,    
 3114.050049,    
 3114.051025,    
 3114.052246,    
 3114.053223,    
 3114.054199,    
 3114.055176,    
 3114.056152,    
 3114.057129,    
 3114.058105,    
 3114.059082,    
 3114.060059,    
 3114.061035,    
 3114.062256,    
 3114.063232,    
 3114.064209,    
 3114.065186,    
 3114.066162,    
 3114.067139,    
 3114.068115,    
 3114.069092,    
 3114.070068,    
 3114.071045,    
 3114.072021,    
 3114.073242,    
 3114.074219,    
 3114.075195,    
 3114.076172,    
 3114.077148,    
 3114.078125,    
 3114.079102,    
 3114.080078,    
 3114.081055,    
 3114.082031,    
 3114.083252,    
 3114.084229,    
 3114.085205,    
 3114.086182,    
 3114.087158,    
 3114.088135,    
 3114.089111,    
 3114.090088,    
 3114.091064,    
 3114.092041,    
 3114.093018,    
 3114.094238,    
 3114.095215,    
 3114.096191,    
 3114.097168,    
 3114.098145,    
 3114.099121,    
 3114.100098,    
 3114.101074,    
 3114.102051,    
 3114.103027,    
 3114.104248,    
 3114.105225,    
 3114.106201,    
 3114.107178,    
 3114.108154,    
 3114.109131,    
 3114.110107,    
 3114.111084,    
 3114.112061,    
 3114.113037,    
 3114.114258,    
 3114.115234,    
 3114.116211,    
 3114.117188,    
 3114.118164,    
 3114.119141,    
 3114.120117,    
 3114.121094,    
 3114.122070,    
 3114.123047,    
 3114.124023,    
 3114.125244,    
 3114.126221,    
 3114.127197,    
 3114.128174,    
 3114.129150,    
 3114.130127,    
 3114.131104,    
 3114.132080,    
 3114.133057,    
 3114.134033,    
 3114.135254,    
 3114.136230,    
 3114.137207,    
 3114.138184,    
 3114.139160,    
 3114.140137,    
 3114.141113,    
 3114.142090,    
 3114.143066,    
 3114.144043,    
 3114.145020,    
 3114.146240,    
 3114.147217,    
 3114.148193,    
 3114.149170,    
 3114.150146,    
 3114.151123,    
 3114.152100,    
 3114.153076,    
 3114.154053,    
 3114.155029,    
 3114.156250,    
 3114.157227,    
 3114.158203,    
 3114.159180,    
 3114.160156,    
 3114.161133,    
 3114.162109,    
 3114.163086,    
 3114.164062,    
 3114.165039,    
 3114.166016,    
 3114.167236,    
 3114.168213,    
 3114.169189,    
 3114.170166,    
 3114.171143,    
 3114.172119,    
 3114.173096,    
 3114.174072,    
 3114.175049,    
 3114.176025,    
 3114.177246,    
 3114.178223,    
 3114.179199,    
 3114.180176,    
 3114.181152,    
 3114.182129,    
 3114.183105,    
 3114.184082,    
 3114.185059,    
 3114.186035,    
 3114.187256,    
 3114.188232,    
 3114.189209,    
 3114.190186,    
 3114.191162,    
 3114.192139,    
 3114.193115,    
 3114.194092,    
 3114.195068,    
 3114.196045,    
 3114.197021,    
 3114.198242,    
 3114.199219,    
 3114.200195,    
 3114.201172,    
 3114.202148,    
 3114.203125,    
 3114.204102,    
 3114.205078,    
 3114.206055,    
 3114.207031,    
 3114.208252,    
 3114.209229,    
 3114.210205,    
 3114.211182,    
 3114.212158,    
 3114.213135,    
 3114.214111,    
 3114.215088,    
 3114.216064,    
 3114.217041,    
 3114.218018,    
 3114.219238,    
 3114.220215,    
 3114.221191,    
 3114.222168,    
 3114.223145,    
 3114.224121,    
 3114.225098,    
 3114.226074,    
 3114.227051,    
 3114.228027,    
 3114.229248,    
 3114.230225,    
 3114.231201,    
 3114.232178,    
 3114.233154,    
 3114.234131,    
 3114.235107,    
 3114.236084,    
 3114.237061,    
 3114.238037,    
 3114.239258,    
 3114.240234,    
 3114.241211,    
 3114.242188,    
 3114.243164,    
 3114.244141,    
 3114.245117,    
 3114.246094,    
 3114.247070,    
 3114.248047,    
 3114.249023,    
 3114.250244,    
 3114.251221,    
 3114.252197,    
 3114.253174,    
 3114.254150,    
 3114.255127,    
 3114.256104,    
 3114.257080,    
 3114.258057,    
 3114.259033,    
 3114.260010,    
 3114.261230,    
 3114.262207,    
 3114.263184,    
 3114.264160,    
 3114.265137,    
 3114.266113,    
 3114.267090,    
 3114.268066,    
 3114.269043,    
 3114.270264,    
 3114.271240,    
 3114.272217,    
 3114.273193,    
 3114.274170,    
 3114.275146,    
 3114.276123,    
 3114.277100,    
 3114.278076,    
 3114.279053,    
 3114.280029,    
 3114.281250,    
 3114.282227,    
 3114.283203,    
 3114.284180,    
 3114.285156,    
 3114.286133,    
 3114.287109,    
 3114.288086,    
 3114.289062,    
 3114.290039,    
 3114.291260,    
 3114.292236,    
 3114.293213,    
 3114.294189,    
 3114.295166,    
 3114.296143,    
 3114.297119,    
 3114.298096,    
 3114.299072,    
 3114.300049,    
 3114.301025,    
 3114.302246,    
 3114.303223,    
 3114.304199,    
 3114.305176,    
 3114.306152,    
 3114.307129,    
 3114.308105,    
 3114.309082,    
 3114.310059,    
 3114.311035,    
 3114.312256,    
 3114.313232,    
 3114.314209,    
 3114.315186,    
 3114.316162,    
 3114.317139,    
 3114.318115,    
 3114.319092,    
 3114.320068,    
 3114.321045,    
 3114.322021,    
 3114.323242,    
 3114.324219,    
 3114.325195,    
 3114.326172,    
 3114.327148,    
 3114.328125,    
 3114.329102,    
 3114.330078,    
 3114.331055,    
 3114.332031,    
 3114.333252,    
 3114.334229,    
 3114.335205,    
 3114.336182,    
 3114.337158,    
 3114.338135,    
 3114.339111,    
 3114.340088,    
 3114.341064,    
 3114.342041,    
 3114.343262,    
 3114.344238,    
 3114.345215,    
 3114.346191,    
 3114.347168,    
 3114.348145,    
 3114.349121,    
 3114.350098,    
 3114.351074,    
 3114.352051,    
 3114.353027,    
 3114.354248,    
 3114.355225,    
 3114.356201,    
 3114.357178,    
 3114.358154,    
 3114.359131,    
 3114.360107,    
 3114.361084,    
 3114.362061,    
 3114.363037,    
 3114.364258,    
 3114.365234,    
 3114.366211,    
 3114.367188,    
 3114.368164,    
 3114.369141,    
 3114.370117,    
 3114.371094,    
 3114.372070,    
 3114.373047,    
 3114.374023,    
 3114.375244,    
 3114.376221,    
 3114.377197,    
 3114.378174,    
 3114.379150,    
 3114.380127,    
 3114.381104,    
 3114.382080,    
 3114.383057,    
 3114.384033,    
 3114.385254,    
 3114.386230,    
 3114.387207,    
 3114.388184,    
 3114.389160,    
 3114.390137,    
 3114.391113,    
 3114.392090,    
 3114.393066,    
 3114.394043,    
 3114.395020,    
 3114.396240,    
 3114.397217,    
 3114.398193,    
 3114.399170,    
 3114.400146,    
 3114.401123,    
 3114.402100,    
 3114.403076,    
 3114.404053,    
 3114.405029,    
 3114.406250,    
 3114.407227,    
 3114.408203,    
 3114.409180,    
 3114.410156,    
 3114.411133,    
 3114.412109,    
 3114.413086,    
 3114.414062,    
 3114.415039,    
 3114.416260,    
 3114.417236,    
 3114.418213,    
 3114.419189,    
 3114.420410,    
 3114.421143,    
 3114.422119,    
 3114.423096,    
 3114.424072,    
 3114.425049,    
 3114.426025,    
 3114.427246,    
 3114.428223,    
 3114.429199,    
 3114.430176,    
 3114.431152,    
 3114.432129,    
 3114.433105,    
 3114.434082,    
 3114.435059,    
 3114.436035,    
 3114.437256,    
 3114.438232,    
 3114.439209,    
 3114.440186,    
 3114.441162,    
 3114.442139,    
 3114.443115,    
 3114.444092,    
 3114.445068,    
 3114.446045,    
 3114.447021,    
 3114.448242,    
 3114.449219,    
 3114.450195,    
 3114.451172,    
 3114.452148,    
 3114.453125,    
 3114.454102,    
 3114.455078,    
 3114.456055,    
 3114.457031,    
 3114.458252,    
 3114.459229,    
 3114.460205,    
 3114.461182,    
 3114.462158,    
 3114.463135,    
 3114.464111,    
 3114.465088,    
 3114.466064,    
 3114.467041,    
 3114.468262,    
 3114.469238,    
 3114.470215,    
 3114.471191,    
 3114.472168,    
 3114.473145,    
 3114.474121,    
 3114.475098,    
 3114.476074,    
 3114.477051,    
 3114.478027,    
 3114.479248,    
 3114.480225,    
 3114.481201,    
 3114.482178,    
 3114.483154,    
 3114.484131,    
 3114.485107,    
 3114.486084,    
 3114.487061,    
 3114.488037,    
 3114.489014,    
 3114.490234,    
 3114.491211,    
 3114.492188,    
 3114.493164,    
 3114.494141,    
 3114.495117,    
 3114.496094,    
 3114.497070,    
 3114.498047,    
 3114.499023,    
 3114.500244,    
 3114.501221,    
 3114.502197,    
 3114.503174,    
 3114.504150,    
 3114.505127,    
 3114.506104,    
 3114.507080,    
 3114.508057,    
 3114.509033,    
 3114.510254,    
 3114.511230,    
 3114.512207,    
 3114.513184,    
 3114.514160,    
 3114.515137,    
 3114.516113,    
 3114.517090,    
 3114.518066,    
 3114.519043,    
 3114.520020,    
 3114.521240,    
 3114.522217,    
 3114.523193,    
 3114.524170,    
 3114.525146,    
 3114.526123,    
 3114.527100,    
 3114.528076,    
 3114.529053,    
 3114.530029,    
 3114.531250,    
 3114.532227,    
 3114.533203,    
 3114.534180,    
 3114.535156,    
 3114.536133,    
 3114.537109,    
 3114.538086,    
 3114.539062,    
 3114.540039,    
 3114.541260,    
 3114.542236,    
 3114.543213,    
 3114.544189,    
 3114.545166,    
 3114.546143,    
 3114.547119,    
 3114.548096,    
 3114.549072,    
 3114.550049,    
 3114.551025,    
 3114.552246,    
 3114.553223,    
 3114.554199,    
 3114.555176,    
 3114.556152,    
 3114.557129,    
 3114.558105,    
 3114.559082,    
 3114.560059,    
 3114.561035,    
 3114.562256,    
 3114.563232,    
 3114.564209,    
 3114.565186,    
 3114.566162,    
 3114.567139,    
 3114.568115,    
 3114.569092,    
 3114.570068,    
 3114.571045,    
 3114.572021,    
 3114.573242,    
 3114.574219,    
 3114.575195,    
 3114.576172,    
 3114.577148,    
 3114.578125,    
 3114.579102,    
 3114.580078,    
 3114.581055,    
 3114.582031,    
 3114.583252,    
 3114.584229,    
 3114.585205,    
 3114.586182,    
 3114.587158,    
 3114.588135,    
 3114.589111,    
 3114.590088,    
 3114.591064,    
 3114.592041,    
 3114.593018,    
 3114.594238,    
 3114.595215,    
 3114.596191,    
 3114.597168,    
 3114.598145,    
 3114.599121,    
 3114.600098,    
 3114.601074,    
 3114.602051,    
 3114.603027,    
 3114.604248,    
 3114.605225,    
 3114.606201,    
 3114.607178,    
 3114.608154,    
 3114.609131,    
 3114.610107,    
 3114.611084,    
 3114.612061,    
 3114.613037,    
 3114.614014,    
 3114.615234,    
 3114.616211,    
 3114.617188,    
 3114.618164,    
 3114.619141,    
 3114.620117,    
 3114.621094,    
 3114.622070,    
 3114.623047,    
 3114.624023,    
 3114.625244,    
 3114.626221,    
 3114.627197,    
 3114.628174,    
 3114.629150,    
 3114.630127,    
 3114.631104,    
 3114.632080,    
 3114.633057,    
 3114.634033,    
 3114.635254,    
 3114.636230,    
 3114.637207,    
 3114.638184,    
 3114.639160,    
 3114.640137,    
 3114.641113,    
 3114.642090,    
 3114.643066,    
 3114.644043,    
 3114.645020,    
 3114.646240,    
 3114.647217,    
 3114.648193,    
 3114.649170,    
 3114.650146,    
 3114.651123,    
 3114.652100,    
 3114.653076,    
 3114.654053,    
 3114.655029,    
 3114.656250,    
 3114.657227,    
 3114.658203,    
 3114.659180,    
 3114.660156,    
 3114.661133,    
 3114.662109,    
 3114.663086,    
 3114.664062,    
 3114.665039,    
 3114.666016,    
 3114.667236,    
 3114.668213,    
 3114.669189,    
 3114.670166,    
 3114.671143,    
 3114.672119,    
 3114.673096,    
 3114.674072,    
 3114.675049,    
 3114.676025,    
 3114.677246,    
 3114.678223,    
 3114.679199,    
 3114.680176,    
 3114.681152,    